Iteracion;nBoids;Boid;Location X;Location Y;Velocity X; Velocity Y;Acceleration X; Acceleration Y
116;10;2;668.6883;153.95927;1.8972774;-0.043997064;-0.0;-0.0
117;10;2;670.5792;153.90123;1.8909522;-0.05804523;-0.0;-0.0
118;10;2;672.46436;153.82945;1.8851366;-0.07177732;-0.0;-0.0
119;10;2;674.34406;153.74432;1.8796848;-0.0851221;-0.0;-0.0
119;10;5;656.60284;114.716934;0.87460405;-0.38738072;-0.0;0.0
120;10;2;676.2187;153.64621;1.8746632;-0.09810985;-0.0;-0.0
120;10;5;657.46387;114.336235;0.86100316;-0.3806985;-0.0;0.0
121;10;0;662.965;137.12473;1.3407073;-0.3848994;-0.0;-0.0
121;10;2;678.0893;153.53534;1.8705959;-0.11087308;-0.0;-0.0
121;10;5;658.31146;113.9622;0.8475713;-0.37404206;-0.0;0.0
122;10;0;664.3024;136.73744;1.337411;-0.38728923;-0.0;-0.0
122;10;2;679.9569;153.41199;1.8675975;-0.12335101;-0.0;-0.0
122;10;5;659.14575;113.59478;0.83430284;-0.36742014;-0.0;0.0
123;10;0;665.63763;136.34747;1.3351991;-0.38996208;-0.0;-0.0
123;10;2;681.8184;153.36342;1.8615007;-0.04857128;-0.0;0.0
123;10;5;659.9668;113.23425;0.82104963;-0.3605279;-0.0;0.0
124;10;0;666.97156;135.95493;1.3339318;-0.39254335;-0.0;-0.0
124;10;2;683.6818;153.38457;1.8633976;0.021153413;0.0;0.0
124;10;5;660.77466;112.880844;0.8078314;-0.35340506;-0.0;0.0
125;10;0;668.0602;135.71367;1.0886247;-0.24125253;-0.0;0.0
125;10;2;685.5533;153.47043;1.8714451;0.08585932;0.0;0.0
125;10;5;661.56934;112.53511;0.7946901;-0.34573674;-0.0;0.0
126;10;0;669.20026;135.52223;1.140088;-0.19143216;0.0;0.0
126;10;2;687.44;153.61093;1.8867004;0.14051035;0.0;0.0
126;10;5;662.35114;112.19717;0.7817936;-0.33794075;-0.0;0.0
127;10;0;670.3709;135.40509;1.1706729;-0.117147416;0.0;0.0
127;10;2;689.3447;153.79466;1.9046993;0.18373817;0.0;0.0
127;10;5;663.12024;111.86723;0.76909715;-0.32993364;-0.0;0.0
128;10;0;671.5731;135.3596;1.2022307;-0.04548505;0.0;0.0
128;10;2;691.24567;153.9237;1.9009291;0.1290395;-0.0;-0.0
128;10;5;663.877;111.54517;0.75675136;-0.32205853;-0.0;0.0
129;10;0;672.8228;135.32127;1.2497005;-0.03832705;0.0;0.0
129;10;2;693.14545;154.01352;1.8997754;0.08981268;-0.0;-0.0
129;10;5;664.65265;111.26348;0.77564013;-0.28169262;0.0;0.0
130;10;0;674.1189;135.28888;1.2961028;-0.0323959;0.0;0.0
130;10;1;671.00494;161.52269;1.1233015;-0.01588713;-0.0;-0.0
130;10;2;695.04034;154.07639;1.8949015;0.06286076;-0.0;-0.0
130;10;5;665.15674;111.096016;0.5041084;-0.16746698;-0.0;0.0
130;10;8;685.9573;193.28398;1.2764938;0.5906897;-0.0;0.0
131;10;0;675.46;135.26205;1.341128;-0.026830986;0.0;0.0
131;10;1;672.12305;161.45909;1.1181047;-0.06359438;-0.0;-0.0
131;10;2;696.9258;154.11899;1.8854222;0.0426072;-0.0;-0.0
131;10;5;665.68445;110.96498;0.5277309;-0.13103603;0.0;0.0
131;10;8;687.2286;193.87918;1.271273;0.5952022;-0.0;0.0
132;10;0;676.5505;135.29533;1.0904257;0.033274293;-0.0;0.0
132;10;1;673.2365;161.35025;1.1134428;-0.10883557;-0.0;-0.0
132;10;2;698.8017;154.14267;1.8759295;0.02368445;-0.0;-0.0
132;10;5;666.2359;110.869705;0.551445;-0.09527892;0.0;0.0
132;10;8;688.4949;194.4788;1.2662934;0.5996221;-0.0;0.0
133;10;0;677.68976;135.33302;1.139252;0.037687518;0.0;0.0
133;10;1;674.3459;161.19818;1.1093779;-0.15206167;-0.0;-0.0
133;10;2;700.6665;154.19225;1.8648149;0.049574498;-0.0;0.0
133;10;5;666.5173;110.869705;0.2813811;1.013279E-6;-0.0;0.0
133;10;7;677.85504;177.21298;1.0143199;0.058885965;0.0;-0.0
133;10;8;689.75635;195.08293;1.2614964;0.6041254;-0.0;0.0
134;10;0;678.87695;135.3745;1.1871974;0.041467592;0.0;0.0
134;10;1;675.4514;161.00581;1.105556;-0.19237423;-0.0;-0.0
134;10;2;702.5226;154.26532;1.8560884;0.07307691;-0.0;0.0
134;10;5;666.827;110.90252;0.3097783;0.032816038;0.0;0.0
134;10;7;678.9096;177.2197;1.0545433;0.006712105;0.0;-0.0
134;10;8;691.0128;195.69128;1.25647;0.60835516;-0.0;0.0
135;10;0;680.11127;135.41853;1.234317;0.044042353;0.0;0.0
135;10;1;676.5536;160.77557;1.1021646;-0.23024487;-0.0;-0.0
135;10;2;704.37354;154.35736;1.8509318;0.09203391;-0.0;0.0
135;10;5;667.16534;110.96743;0.3383127;0.064907864;0.0;0.0
135;10;7;679.71625;177.2616;0.806619;0.041903954;-0.0;0.0
135;10;8;691.9672;196.34105;0.9543985;0.6497611;-0.0;0.0
136;10;0;681.3916;135.46523;1.2803248;0.046688363;0.0;0.0
136;10;1;677.6531;160.51106;1.0994595;-0.26450896;-0.0;-0.0
136;10;2;706.21893;154.46872;1.8453707;0.11135167;-0.0;0.0
136;10;5;667.5322;111.064255;0.36688647;0.096826114;0.0;0.0
136;10;7;680.56683;177.25221;0.8505587;-0.009377379;0.0;-0.0
136;10;8;692.9327;196.99724;0.9654654;0.6561879;0.0;0.0
137;10;0;682.71704;135.51332;1.325429;0.048093263;0.0;0.0
137;10;1;678.75104;160.21506;1.0979701;-0.29600954;-0.0;-0.0
137;10;2;708.0615;154.59442;1.8425883;0.12569484;-0.0;0.0
137;10;5;667.92773;111.1922;0.39551964;0.12794806;0.0;0.0
137;10;7;681.45905;177.1917;0.89220196;-0.060514573;0.0;-0.0
137;10;8;693.90765;197.65944;0.97498465;0.6621986;0.0;0.0
138;10;0;684.0867;135.56161;1.3696321;0.048296116;0.0;0.0
138;10;1;679.84875;159.89047;1.0977405;-0.32457796;-0.0;-0.0
138;10;2;709.903;154.72968;1.841508;0.13525423;-0.0;0.0
138;10;5;668.05426;111.38795;0.12653506;0.19574729;-0.0;0.0
138;10;7;682.3907;177.08104;0.9316652;-0.11066133;0.0;-0.0
138;10;8;694.8907;198.32736;0.9830097;0.6679277;0.0;0.0
139;10;0;685.46436;135.59172;1.3777008;0.03011113;0.0;-0.0
139;10;1;680.9833;159.5677;1.1345412;-0.3227655;0.0;0.0
139;10;2;711.7437;154.87317;1.840726;0.14349473;-0.0;0.0
139;10;5;668.2146;111.612465;0.16034093;0.22451738;0.0;0.0
139;10;7;683.3761;176.96237;0.9854372;-0.118672565;0.0;-0.0
139;10;8;695.88025;199.00072;0.9895684;0.67336047;0.0;0.0
140;10;0;686.8496;135.60468;1.3852606;0.012949968;0.0;-0.0
140;10;1;681.87244;159.35117;0.8891788;-0.2165323;-0.0;0.0
140;10;2;713.58276;155.02788;1.8390248;0.15470475;-0.0;0.0
140;10;5;668.40894;111.865555;0.19430706;0.25308907;0.0;0.0
140;10;7;684.39905;176.86559;1.0229533;-0.09678683;0.0;0.0
140;10;8;696.8753;199.67973;0.99507165;0.67901605;0.0;0.0
141;10;0;688.2211;135.60757;1.3715276;0.0029020477;-0.0;-0.0
141;10;1;682.8014;159.13576;0.9289434;-0.21540803;0.0;0.0
141;10;2;715.4203;155.19298;1.8375452;0.16509959;-0.0;0.0
141;10;5;668.6373;112.146774;0.22840908;0.2812165;0.0;0.0
141;10;7;685.17554;176.88689;0.7764625;0.021294668;-0.0;0.0
141;10;8;697.879;200.31982;1.0037229;0.6400875;0.0;-0.0
141;10;9;663.1813;140.40858;1.0950875;-0.025250675;0.0;0.0
142;10;0;689.57916;135.60147;1.3580325;-0.0061047208;-0.0;-0.0
142;10;1;683.76624;158.91708;0.96484494;-0.2186678;0.0;-0.0
142;10;2;717.2555;155.37065;1.8351891;0.17767781;-0.0;0.0
142;10;5;668.89996;112.455864;0.26262045;0.30908987;0.0;0.0
142;10;7;686.0005;176.91577;0.8249783;0.028878152;0.0;0.0
142;10;8;698.8917;200.92186;1.0126815;0.60203755;0.0;-0.0
142;10;9;664.283;140.38525;1.1017333;-0.02333112;0.0;0.0
143;10;0;690.92444;135.58609;1.3452675;-0.015384901;-0.0;-0.0
143;10;1;684.76697;158.69676;1.0007224;-0.22031477;0.0;-0.0
143;10;2;719.08954;155.55734;1.8340315;0.18669334;-0.0;0.0
143;10;5;669.19684;112.79216;0.29689756;0.3362945;0.0;0.0
143;10;7;686.8739;176.95224;0.8734077;0.03646951;0.0;0.0
143;10;8;699.91364;201.48676;1.0219194;0.56488883;0.0;-0.0
143;10;9;665.3905;140.36427;1.1074822;-0.020984938;0.0;0.0
144;10;0;691.9633;135.6195;1.0389078;0.033422474;-0.0;0.0
144;10;1;685.8036;158.4769;1.0366316;-0.21986483;0.0;0.0
144;10;2;720.92224;155.75356;1.83268;0.19621229;-0.0;0.0
144;10;5;669.5281;113.15526;0.33121973;0.36309892;0.0;0.0
144;10;7;687.7955;176.9969;0.92154884;0.044657223;0.0;0.0
144;10;8;700.9452;202.01581;1.0315645;0.5290518;0.0;-0.0
144;10;9;666.5027;140.34662;1.1121969;-0.01764973;0.0;0.0
145;10;0;692.9996;135.63792;1.0362685;0.018410524;-0.0;-0.0
145;10;1;686.8763;158.2587;1.0726815;-0.21820621;0.0;0.0
145;10;2;722.75433;155.9562;1.8320796;0.20265886;-0.0;0.0
145;10;4;670.6816;158.27014;1.6231375;0.19035296;0.0;0.0
145;10;5;669.8936;113.54448;0.36553976;0.3892184;0.0;0.0
145;10;7;688.47784;177.13716;0.6823849;0.14025867;-0.0;0.0
145;10;8;701.9868;202.51053;1.0416061;0.4947136;0.0;-0.0
145;10;9;667.6186;140.33337;1.1158864;-0.01324811;0.0;0.0
146;10;0;694.03314;135.64255;1.0335611;0.004629934;-0.0;-0.0
146;10;1;687.98486;158.0438;1.108597;-0.21489945;0.0;0.0
146;10;2;724.5852;156.16762;1.8308811;0.2114053;-0.0;0.0
146;10;4;672.022;158.50958;1.3404121;0.239441;-0.0;0.0
146;10;5;670.29346;113.95976;0.3998677;0.41528344;0.0;0.0
146;10;7;689.2103;177.28261;0.7325081;0.14544244;0.0;0.0
146;10;8;703.03876;202.97232;1.0519267;0.4617959;0.0;-0.0
146;10;9;668.7377;140.32503;1.119065;-0.008352911;0.0;0.0
147;10;0;695.0639;135.6344;1.0307447;-0.008154266;-0.0;-0.0
147;10;1;689.1286;157.83269;1.1437285;-0.21111105;0.0;0.0
147;10;2;726.4147;156.38829;1.8294828;0.22067328;-0.0;0.0
147;10;4;673.37964;158.73871;1.3576947;0.22912097;0.0;-0.0
147;10;5;670.72754;114.4004;0.43410605;0.44063747;0.0;0.0
147;10;7;689.9922;177.43396;0.78188515;0.15135902;0.0;0.0
147;10;8;704.1011;203.4022;1.0623469;0.42988938;0.0;-0.0
147;10;9;669.8596;140.32146;1.1219621;-0.003571447;0.0;0.0
148;10;0;696.09186;135.61388;1.0279251;-0.020518087;-0.0;-0.0
148;10;1;690.30676;157.62514;1.1781621;-0.20755681;0.0;0.0
148;10;2;728.2436;156.61497;1.8288898;0.22668582;-0.0;0.0
148;10;4;674.75464;158.95795;1.3749942;0.21923852;0.0;-0.0
148;10;5;671.19574;114.86567;0.46822593;0.4652711;0.0;0.0
148;10;7;690.8226;177.592;0.83039623;0.15803467;0.0;0.0
148;10;8;705.1739;203.8012;1.0728358;0.39899337;0.0;-0.0
148;10;9;670.9842;140.32256;1.1245849;0.0010953117;0.0;0.0
149;10;0;697.1169;135.58142;1.0250494;-0.032462455;-0.0;-0.0
149;10;1;691.5185;157.42075;1.2117305;-0.20439346;0.0;0.0
149;10;2;730.07227;156.84506;1.828693;0.23008247;-0.0;0.0
149;10;4;675.85284;159.2102;1.0982305;0.25225228;-0.0;0.0
149;10;5;671.69794;115.35508;0.50221854;0.48941174;0.0;0.0
149;10;7;691.7006;177.75768;0.8780707;0.16567364;0.0;0.0
149;10;8;706.2573;204.17073;1.083445;0.3695388;0.0;-0.0
149;10;9;672.0986;140.34581;1.1143911;0.02325144;-0.0;0.0
150;10;0;698.13873;135.53798;1.0218635;-0.043437354;-0.0;-0.0
150;10;1;692.7621;157.2192;1.2435796;-0.20155673;0.0;0.0
150;10;2;731.6051;157.1329;1.5328102;0.28784162;-0.0;0.0
150;10;4;676.97235;159.44164;1.1195227;0.23143032;0.0;-0.0
150;10;5;672.22455;115.82423;0.5266124;0.46914792;0.0;-0.0
150;10;7;692.6254;177.93192;0.9247798;0.17423943;0.0;0.0
150;10;8;707.35144;204.51218;1.0940926;0.34144917;0.0;-0.0
150;10;9;673.203;140.3908;1.1044323;0.044983283;-0.0;0.0
151;10;0;699.1571;135.4843;1.0183649;-0.053678032;-0.0;-0.0
151;10;1;694.0359;157.02002;1.2737775;-0.19916965;0.0;0.0
151;10;2;733.1378;157.41725;1.5326879;0.28434563;-0.0;-0.0
151;10;4;678.1132;159.65291;1.1408492;0.21127555;0.0;-0.0
151;10;5;672.7743;116.27357;0.5497178;0.4493409;0.0;-0.0
151;10;7;693.5959;178.11514;0.9704647;0.18322045;0.0;0.0
151;10;8;708.4561;204.82632;1.1046546;0.31414905;0.0;-0.0
151;10;9;674.2979;140.45648;1.0948839;0.065694034;-0.0;0.0
152;10;0;700.1718;135.42055;1.0147084;-0.063748494;-0.0;-0.0
152;10;1;695.3387;156.82239;1.3027804;-0.19762987;0.0;0.0
152;10;2;734.67035;157.69746;1.5325054;0.2802131;-0.0;-0.0
152;10;3;675.14636;171.70346;1.2575517;-0.028833361;-0.0;-0.0
152;10;4;679.27545;159.84471;1.1622279;0.1918019;0.0;-0.0
152;10;5;673.3459;116.70358;0.57159513;0.4300168;0.0;-0.0
152;10;7;694.3204;178.38257;0.7244866;0.26742855;-0.0;0.0
152;10;8;709.5713;205.11467;1.1151823;0.2883407;0.0;-0.0
152;10;9;675.0885;140.59758;0.7905773;0.14109859;-0.0;0.0
153;10;0;701.1822;135.34807;1.0103672;-0.07248025;-0.0;-0.0
153;10;1;696.6798;156.64009;1.3411331;-0.18229267;0.0;0.0
153;10;2;735.90784;158.03052;1.237506;0.33305615;-0.0;0.0
153;10;3;676.3989;171.66809;1.252553;-0.03537152;-0.0;-0.0
153;10;4;680.45917;160.01991;1.1836978;0.17520608;0.0;-0.0
153;10;5;673.9387;117.11581;0.59283835;0.41222093;0.0;-0.0
153;10;7;695.0984;178.65028;0.77800006;0.2677157;0.0;0.0
153;10;8;710.6969;205.37935;1.125628;0.26468292;0.0;-0.0
153;10;9;675.8767;140.7542;0.78823525;0.15661912;-0.0;0.0
154;10;0;702.1877;135.26758;1.0054903;-0.08048909;-0.0;-0.0
154;10;1;698.05835;156.47296;1.3785268;-0.1671314;0.0;0.0
154;10;2;737.1452;158.35902;1.2373773;0.3285102;-0.0;-0.0
154;10;3;677.6469;171.6262;1.2480042;-0.041883253;-0.0;-0.0
154;10;4;681.6646;160.17891;1.2054738;0.15900142;0.0;-0.0
154;10;5;674.552;117.510635;0.61330765;0.39483106;0.0;-0.0
154;10;7;695.9285;178.91951;0.83014196;0.26922122;0.0;0.0
154;10;8;711.545;205.7058;0.84808064;0.32645327;-0.0;0.0
154;10;9;676.6622;140.92847;0.78543854;0.17427212;-0.0;0.0
155;10;0;703.1876;135.17996;0.9999299;-0.08761303;-0.0;-0.0
155;10;1;699.4732;156.32123;1.4148839;-0.1517335;0.0;0.0
155;10;2;738.0879;158.74026;0.9426899;0.38123536;-0.0;0.0
155;10;3;678.8899;171.57948;1.2429827;-0.046725117;-0.0;-0.0
155;10;4;682.8918;160.32422;1.227186;0.14531703;0.0;-0.0
155;10;5;675.1851;117.88943;0.633117;0.378793;0.0;-0.0
155;10;7;696.8092;179.19272;0.8806723;0.27321127;0.0;0.0
155;10;8;712.4055;206.00647;0.8605621;0.30066708;0.0;-0.0
155;10;9;677.4446;141.12224;0.78240526;0.19377765;-0.0;0.0
156;10;0;704.1813;135.08601;0.99365675;-0.093951195;-0.0;-0.0
156;10;1;700.9235;156.18527;1.4503409;-0.13595912;0.0;0.0
156;10;2;739.03046;159.11589;0.9425848;0.37562165;-0.0;-0.0
156;10;3;680.1283;171.52791;1.2384095;-0.051572323;-0.0;-0.0
156;10;4;684.141;160.4564;1.2491958;0.13219382;0.0;-0.0
156;10;5;675.83734;118.252625;0.65221035;0.36319408;0.0;-0.0
156;10;7;697.73865;179.47118;0.92946535;0.27845168;0.0;0.0
156;10;8;713.27844;206.28206;0.8729111;0.27559298;0.0;-0.0
156;10;9;678.224;141.3366;0.7794068;0.21434864;-0.0;0.0
157;10;0;705.16815;134.98596;0.9868915;-0.1000579;-0.0;-0.0
157;10;1;702.4091;156.06511;1.4855847;-0.12015634;0.0;0.0
157;10;2;739.97296;159.48582;0.94247943;0.3699359;-0.0;-0.0
157;10;3;681.36597;171.48297;1.23769;-0.04493454;-0.0;0.0
157;10;4;685.1186;160.63654;0.9775711;0.1801364;-0.0;0.0
157;10;5;676.508;118.60117;0.67065746;0.34854725;0.0;-0.0
157;10;7;698.71533;179.7565;0.97665834;0.28532663;0.0;0.0
157;10;8;714.1636;206.53397;0.88510174;0.2519081;0.0;-0.0
157;10;9;679.00073;141.57193;0.7767288;0.23533231;-0.0;0.0
158;10;0;706.1474;134.88074;0.9792479;-0.10523087;-0.0;-0.0
158;10;1;703.9292;155.96202;1.520095;-0.10308182;0.0;0.0
158;10;2;740.9154;159.85071;0.9424461;0.36488912;-0.0;-0.0
158;10;3;682.60297;171.44539;1.2370087;-0.037576273;-0.0;0.0
158;10;4;686.1225;160.79422;1.0039227;0.15768272;0.0;-0.0
158;10;5;677.1965;118.93554;0.68847096;0.33436605;0.0;-0.0
158;10;7;699.7375;180.04956;1.022185;0.29305875;0.0;0.0
158;10;8;715.06067;206.7629;0.8971162;0.22893016;0.0;-0.0
158;10;9;679.7752;141.82784;0.7744902;0.25590774;-0.0;0.0
159;10;0;707.1184;134.77061;0.97101873;-0.11012498;-0.0;-0.0
159;10;1;705.484;155.87695;1.5547862;-0.08507356;0.0;0.0
159;10;2;741.8578;160.21048;0.94241315;0.3597685;-0.0;-0.0
159;10;3;683.83984;171.41502;1.236847;-0.030367374;-0.0;0.0
159;10;4;687.15283;160.93063;1.0303421;0.1364161;0.0;-0.0
159;10;5;677.6027;119.27389;0.4062229;0.33835003;-0.0;0.0
159;10;6;687.98395;196.77748;1.0192871;0.20679604;-0.0;-0.0
159;10;7;700.8034;180.35158;1.0659299;0.30201763;0.0;0.0
159;10;8;715.9696;206.96994;0.90891;0.20705207;0.0;-0.0
159;10;9;680.548;142.10379;0.77275395;0.27594924;-0.0;0.0
160;10;0;708.0804;134.65631;0.96195364;-0.11431075;-0.0;-0.0
160;10;1;707.0732;155.81154;1.5891788;-0.06541327;0.0;0.0
160;10;2;742.80023;160.56544;0.9424146;0.35497165;0.0;-0.0
160;10;3;685.0767;171.39223;1.2368656;-0.022793522;0.0;0.0
160;10;4;688.2095;161.04764;1.0566298;0.11699959;0.0;-0.0
160;10;5;677.7368;119.61568;0.13406804;0.34178913;-0.0;0.0
160;10;6;688.98926;196.98163;1.0053295;0.20414484;-0.0;-0.0
160;10;7;701.9296;180.63495;1.1262095;0.28337076;0.0;-0.0
160;10;8;716.8901;207.15605;0.9204624;0.18611139;0.0;-0.0
160;10;9;681.3196;142.39859;0.7716126;0.2947959;-0.0;0.0
161;10;0;709.0325;134.53839;0.95208746;-0.11791806;-0.0;-0.0
161;10;1;708.65515;155.82776;1.5819689;0.016225442;-0.0;0.0
161;10;2;743.7427;160.91618;0.9424616;0.35074422;0.0;-0.0
161;10;3;686.3136;171.37762;1.2368789;-0.014603099;0.0;0.0
161;10;4;689.292;161.14755;1.0825435;0.09991047;0.0;-0.0
161;10;5;677.90686;119.93835;0.17006658;0.32266638;0.0;-0.0
161;10;6;689.6921;197.26477;0.702814;0.28313482;-0.0;0.0
161;10;7;703.11456;180.9052;1.1849493;0.27025235;0.0;-0.0
161;10;8;717.8217;207.323;0.9316303;0.16695103;0.0;-0.0
161;10;9;681.7933;142.75134;0.47371203;0.35274822;-0.0;0.0
162;10;0;709.97327;134.41864;0.9408039;-0.119753696;-0.0;-0.0
162;10;1;710.2306;155.92369;1.5754393;0.09592867;-0.0;0.0
162;10;2;744.68524;161.2643;0.94256425;0.3481189;0.0;-0.0
162;10;3;687.54974;171.37294;1.2361301;-0.004684154;-0.0;0.0
162;10;4;690.39966;161.2339;1.1076925;0.0863441;0.0;-0.0
162;10;5;678.1116;120.2434;0.20470509;0.3050511;0.0;-0.0
162;10;6;690.3862;197.54362;0.69413525;0.27885807;-0.0;-0.0
162;10;7;704.3564;181.1677;1.2418114;0.26249468;0.0;-0.0
162;10;8;718.7641;207.4724;0.9423565;0.14939415;0.0;-0.0
162;10;9;682.2723;143.11684;0.47899282;0.36549;0.0;0.0
163;10;0;710.9021;134.29755;0.9288396;-0.12108842;-0.0;-0.0
163;10;1;711.8024;156.09515;1.5718364;0.17145842;-0.0;0.0
163;10;2;745.6279;161.60992;0.9426714;0.34563386;0.0;-0.0
163;10;3;688.7854;171.37816;1.2356443;0.005220078;-0.0;0.0
163;10;4;691.5321;161.3085;1.1324714;0.07460076;0.0;-0.0
163;10;5;678.3496;120.53163;0.23804905;0.2882343;0.0;-0.0
163;10;6;691.07166;197.81793;0.6854198;0.27431303;-0.0;-0.0
163;10;7;705.6531;181.4268;1.2966696;0.25910437;0.0;-0.0
163;10;8;719.43604;207.7108;0.67194545;0.2384026;-0.0;0.0
163;10;9;682.7569;143.49628;0.48459467;0.37944743;0.0;0.0
164;10;0;711.52893;134.25714;0.6268138;-0.040399916;-0.0;0.0
164;10;1;713.37103;156.34088;1.5685924;0.24572444;-0.0;0.0
164;10;2;746.5706;161.95532;0.9426914;0.34539047;0.0;-0.0
164;10;3;690.0193;171.39545;1.2338829;0.01728194;-0.0;0.0
164;10;4;692.6877;161.37572;1.1555878;0.067222066;0.0;-0.0
164;10;5;678.6197;120.80502;0.27008033;0.27339202;0.0;-0.0
164;10;6;691.7481;198.08905;0.67647785;0.27111357;-0.0;-0.0
164;10;7;707.0015;181.69012;1.3484733;0.263318;0.0;0.0
164;10;8;720.12146;207.92836;0.68542504;0.21755327;0.0;-0.0
164;10;9;683.24744;143.89081;0.49053943;0.39452603;0.0;0.0
165;10;0;711.86273;134.29332;0.33378917;0.036183715;-0.0;0.0
165;10;1;714.9387;156.6578;1.5676987;0.31692466;-0.0;0.0
165;10;2;747.5132;162.30165;0.9425941;0.34632632;-0.0;0.0
165;10;3;691.25085;171.42572;1.2315435;0.030280128;-0.0;0.0
165;10;4;693.865;161.43866;1.1773328;0.06293885;0.0;-0.0
165;10;5;678.6222;121.09636;0.0024903715;0.29133436;-0.0;0.0
165;10;6;692.4153;198.35799;0.6671898;0.26893425;-0.0;-0.0
165;10;7;708.1053;182.02962;1.1037872;0.33949828;-0.0;0.0
165;10;8;720.8196;208.1282;0.6981185;0.19984557;0.0;-0.0
165;10;9;683.7442;144.3024;0.49678883;0.4115909;0.0;0.0
166;10;0;711.9116;134.40527;0.048859626;0.111951545;-0.0;0.0
166;10;1;716.5054;157.0468;1.5666425;0.3889965;-0.0;0.0
166;10;2;748.4551;162.65219;0.941908;0.3505463;-0.0;0.0
166;10;3;692.4776;171.4715;1.2267524;0.04576882;-0.0;0.0
166;10;4;695.067;161.49763;1.2020501;0.058973365;0.0;-0.0
166;10;5;678.66364;121.37137;0.04145962;0.27500895;0.0;-0.0
166;10;6;693.07275;198.6263;0.6574759;0.2683095;-0.0;-0.0
166;10;7;709.26416;182.36746;1.1588974;0.33784467;0.0;-0.0
166;10;8;721.5297;208.31212;0.71016794;0.1839068;0.0;-0.0
166;10;9;684.24756;144.73193;0.5033734;0.42953792;0.0;0.0
167;10;0;711.9724;134.5092;0.06078509;0.10393519;0.0;-0.0
167;10;1;718.07654;157.50208;1.5711577;0.45527023;0.0;0.0
167;10;2;749.3963;163.00682;0.94123983;0.3546339;-0.0;0.0
167;10;3;693.69977;171.53224;1.2221891;0.060739577;-0.0;0.0
167;10;4;696.29285;161.55473;1.2258317;0.057093337;0.0;-0.0
167;10;5;678.7423;121.63101;0.0786849;0.2596423;0.0;-0.0
167;10;6;693.72046;198.89355;0.647715;0.26726288;-0.0;-0.0
167;10;7;710.4761;182.70778;1.2119228;0.3403184;0.0;0.0
167;10;8;722.2516;208.48085;0.72184455;0.16872655;0.0;-0.0
167;10;9;684.75793;145.17946;0.5103794;0.44752613;0.0;0.0
168;10;0;712.04297;134.60625;0.070538774;0.09704241;0.0;-0.0
168;10;1;719.6576;158.01688;1.5810378;0.51480407;0.0;0.0
168;10;2;750.3369;163.36543;0.9405864;0.35860577;-0.0;0.0
168;10;3;694.9176;171.6074;1.2178094;0.07517033;-0.0;0.0
168;10;4;697.5413;161.61198;1.2485017;0.05725477;0.0;0.0
168;10;5;678.85657;121.87626;0.114272386;0.24524842;0.0;-0.0
168;10;6;694.35834;199.15932;0.63790345;0.26576442;-0.0;-0.0
168;10;7;711.73883;183.0545;1.2627476;0.34672853;0.0;0.0
168;10;8;722.98474;208.63513;0.73314446;0.15428059;0.0;-0.0
168;10;9;684.9771;145.67348;0.21917665;0.49401176;-0.0;0.0
169;10;0;711.8334;134.78236;-0.2096108;0.17611507;-0.0;0.0
169;10;1;721.25165;158.5907;1.5940351;0.57381606;0.0;0.0
169;10;2;751.27625;163.73021;0.93930864;0.36478245;-0.0;0.0
169;10;3;695.83887;171.77377;0.92128974;0.16636215;-0.0;0.0
169;10;4;698.8094;161.67351;1.2680442;0.061520927;0.0;0.0
169;10;5;679.00494;122.109795;0.14836779;0.23353331;0.0;-0.0
169;10;6;694.98553;199.4258;0.62717867;0.2664815;-0.0;0.0
169;10;7;713.0478;183.41577;1.308931;0.36126408;0.0;0.0
169;10;8;723.7275;208.77849;0.74276716;0.14334983;0.0;-0.0
169;10;9;685.2067;146.1832;0.22962046;0.5097262;0.0;0.0
170;10;0;711.3641;135.08006;-0.46929282;0.29769418;-0.0;0.0
170;10;1;722.5589;159.16985;1.307236;0.5791506;-0.0;0.0
170;10;2;752.2128;164.1048;0.93656737;0.3745915;-0.0;0.0
170;10;3;696.7617;171.95457;0.92283523;0.1807953;0.0;0.0
170;10;4;699.80255;161.81299;0.99314594;0.1394749;-0.0;0.0
170;10;5;679.1857;122.33452;0.18076962;0.22472113;0.0;-0.0
170;10;6;695.60065;199.69524;0.61513144;0.26944134;-0.0;0.0
170;10;7;714.3981;183.75548;1.3503066;0.3397029;0.0;-0.0
170;10;8;724.4778;208.91418;0.7503299;0.13568968;0.0;-0.0
170;10;9;685.44696;146.71104;0.24023126;0.5278405;0.0;0.0
171;10;0;710.9289;135.41261;-0.4351879;0.3325553;0.0;0.0
171;10;1;723.89215;159.72961;1.3332288;0.55976796;0.0;-0.0
171;10;2;753.14624;164.48991;0.9334172;0.38512135;-0.0;0.0
171;10;3;697.68536;172.1502;0.9236672;0.19563939;0.0;0.0
171;10;4;700.8288;161.94815;1.0262707;0.13515893;0.0;-0.0
171;10;5;679.11426;122.63487;-0.07146543;0.3003568;-0.0;0.0
171;10;6;695.9174;200.05865;0.31679487;0.36341938;-0.0;0.0
171;10;7;715.784;184.07956;1.3859549;0.32408142;0.0;-0.0
171;10;8;725.23376;209.04462;0.7560015;0.13042901;0.0;-0.0
171;10;9;685.69794;147.25896;0.25099003;0.54790884;0.0;0.0
172;10;0;710.5284;135.78061;-0.4005099;0.36799306;0.0;0.0
172;10;1;725.2474;160.27727;1.3551978;0.54765326;0.0;-0.0
172;10;2;754.07495;164.88808;0.92873996;0.39816868;-0.0;0.0
172;10;3;698.6078;172.36237;0.92244816;0.21215706;-0.0;0.0
172;10;4;701.8839;162.08362;1.0550996;0.135467;0.0;0.0
172;10;5;679.0918;122.96567;-0.022468641;0.3307929;0.0;0.0
172;10;6;696.268;200.40218;0.3506164;0.34352773;0.0;-0.0
172;10;7;717.1772;184.45122;1.3931733;0.371652;0.0;0.0
172;10;8;725.71936;209.28845;0.48559833;0.24383451;-0.0;0.0
172;10;9;685.9746;147.79367;0.2766537;0.5347212;0.0;-0.0
173;10;0;710.16315;136.18425;-0.36522034;0.40363777;0.0;0.0
173;10;1;726.6213;160.81664;1.3739221;0.5393621;0.0;-0.0
173;10;2;754.9981;165.30046;0.9231611;0.41238737;-0.0;0.0
173;10;3;699.5277;172.5916;0.9199381;0.22922564;-0.0;0.0
173;10;4;702.96423;162.22276;1.0803071;0.13914011;0.0;0.0
173;10;5;679.11816;123.32756;0.026368313;0.36189;0.0;0.0
173;10;6;696.6515;200.72772;0.38350856;0.32554877;0.0;-0.0
173;10;7;718.57684;184.87103;1.3996874;0.41981634;0.0;0.0
173;10;8;726.2164;209.5211;0.49703956;0.23264492;0.0;-0.0
173;10;9;686.2755;148.31691;0.30091178;0.5232413;0.0;-0.0
174;10;0;709.834;136.623;-0.32916543;0.43874556;0.0;0.0
174;10;1;728.0137;161.34859;1.392421;0.53194857;0.0;-0.0
174;10;2;755.9161;165.72635;0.9179889;0.42589068;-0.0;0.0
174;10;3;700.44525;172.837;0.91752815;0.24540284;-0.0;0.0
174;10;4;704.08704;162.36685;1.1227933;0.14408383;0.0;0.0
174;10;5;679.1935;123.720215;0.07534411;0.39265633;0.0;0.0
174;10;6;697.06744;201.03589;0.4159335;0.30817288;0.0;-0.0
174;10;7;719.69025;185.39362;1.113429;0.52258646;-0.0;0.0
174;10;8;726.7246;209.78886;0.5082597;0.26776066;0.0;0.0
174;10;9;686.59906;148.83148;0.32356527;0.5145733;0.0;-0.0
175;10;0;709.54144;137.09703;-0.29252842;0.47403285;0.0;0.0
175;10;1;729.42145;161.87569;1.4077977;0.52709925;0.0;-0.0
175;10;2;756.82806;166.16676;0.9119615;0.44042113;-0.0;0.0
175;10;3;701.359;173.09874;0.91376096;0.26173106;-0.0;0.0
175;10;4;705.2464;162.5191;1.1593362;0.15224534;0.0;0.0
175;10;5;679.3176;124.14434;0.12411981;0.4241227;0.0;0.0
175;10;6;697.5147;201.3285;0.44724452;0.29261667;0.0;-0.0
175;10;7;720.54205;185.99706;0.85178787;0.6034369;-0.0;0.0
175;10;8;727.2431;210.09216;0.5184645;0.30330232;0.0;0.0
175;10;9;686.9437;149.34004;0.34468696;0.50855345;0.0;-0.0
176;10;0;709.28613;137.60649;-0.25533673;0.50946414;0.0;0.0
176;10;1;730.842;162.3997;1.4205292;0.52401084;0.0;-0.0
176;10;2;757.7332;166.62253;0.90515316;0.45577234;-0.0;0.0
176;10;3;702.26764;173.37659;0.908653;0.27784687;-0.0;0.0
176;10;4;706.4364;162.6821;1.1900288;0.1629905;0.0;0.0
176;10;5;679.4903;124.60062;0.1726725;0.45627302;0.0;0.0
176;10;6;697.99207;201.60725;0.47734913;0.27874333;0.0;-0.0
176;10;7;721.4406;186.61478;0.898562;0.6177263;0.0;0.0
176;10;8;727.77136;210.43034;0.52825886;0.33818808;0.0;0.0
176;10;9;687.3085;149.84401;0.36475337;0.5039723;0.0;-0.0
177;10;0;708.7704;138.18289;-0.5157231;0.576408;-0.0;0.0
177;10;1;732.2732;162.92184;1.431193;0.5221452;0.0;-0.0
177;10;2;758.6309;167.09424;0.8976982;0.47170988;-0.0;0.0
177;10;3;703.17;173.67015;0.9023628;0.29355994;-0.0;0.0
177;10;4;707.6746;162.86862;1.2381974;0.18652207;0.0;0.0
177;10;5;679.4115;125.10042;-0.07880239;0.4997985;-0.0;0.0
177;10;6;698.4977;201.87445;0.50558615;0.26719302;0.0;-0.0
177;10;7;722.36847;187.18643;0.9278763;0.5716486;0.0;-0.0
177;10;8;728.30774;210.80443;0.5363722;0.3740812;0.0;0.0
177;10;9;687.3849;150.39081;0.076387286;0.54680306;-0.0;0.0
178;10;0;708.324;138.75404;-0.44640628;0.57114685;0.0;-0.0
178;10;1;733.7119;163.44325;1.4387207;0.521406;0.0;-0.0
178;10;2;759.5197;167.5832;0.88880664;0.48896527;-0.0;0.0
178;10;3;704.064;173.97945;0.89404243;0.30929643;-0.0;0.0
178;10;4;708.66064;163.14397;0.98602176;0.2753436;-0.0;0.0
178;10;5;679.3841;125.62939;-0.027396098;0.5289678;0.0;0.0
178;10;6;699.0294;202.13223;0.5317305;0.25778815;0.0;-0.0
178;10;7;723.32043;187.71658;0.95199364;0.5301509;0.0;-0.0
178;10;8;728.8502;211.21559;0.54247785;0.4111631;0.0;0.0
178;10;9;687.47406;150.94682;0.08916854;0.55601853;0.0;0.0
179;10;0;707.94507;139.31975;-0.3789023;0.5657073;0.0;-0.0
179;10;1;735.1231;163.99419;1.411184;0.550934;-0.0;0.0
179;10;2;760.1499;168.14551;0.630205;0.5622967;-0.0;0.0
179;10;3;704.9473;174.30542;0.88331586;0.32597813;-0.0;0.0
179;10;4;709.7004;163.44583;1.0397083;0.30186883;0.0;0.0
179;10;5;679.40796;126.188;0.02388405;0.55861706;0.0;0.0
179;10;6;699.5859;202.38177;0.5564498;0.24954677;0.0;-0.0
179;10;7;724.2927;188.20769;0.97226036;0.4911087;0.0;-0.0
179;10;8;729.39746;211.66399;0.5472496;0.44839644;0.0;0.0
179;10;9;687.57556;151.53442;0.10148522;0.5875935;0.0;0.0
180;10;0;707.63165;139.88011;-0.3134048;0.56036735;0.0;-0.0
180;10;1;736.5066;164.57417;1.3834568;0.57998794;-0.0;0.0
180;10;2;760.81915;168.71086;0.6692764;0.5653465;0.0;0.0
180;10;3;705.82056;174.64697;0.8732531;0.3415503;-0.0;0.0
180;10;4;710.7617;163.76044;1.0613474;0.3146081;0.0;0.0
180;10;5;679.48334;126.77589;0.0753607;0.5878821;0.0;0.0
180;10;6;700.16656;202.62328;0.580686;0.24150765;0.0;-0.0
180;10;7;725.2834;188.66069;0.9906873;0.45300665;0.0;-0.0
180;10;8;729.6649;212.24504;0.2674745;0.58106184;-0.0;0.0
180;10;9;687.3901;152.17336;-0.18550593;0.6389312;-0.0;0.0
181;10;0;707.3813;140.4362;-0.2503665;0.55608416;0.0;-0.0
181;10;1;737.8166;165.17097;1.3099676;0.59679806;-0.0;0.0
181;10;2;761.52466;169.28242;0.705521;0.57156515;0.0;0.0
181;10;3;706.68097;175.00485;0.86043775;0.3578728;-0.0;0.0
181;10;4;711.8398;164.08963;1.0780832;0.3291869;0.0;0.0
181;10;5;679.60944;127.394875;0.12611456;0.6189871;0.0;0.0
181;10;6;700.7686;202.85892;0.60205066;0.23563722;0.0;-0.0
181;10;7;726.2873;189.07884;1.0039309;0.41815162;0.0;-0.0
181;10;8;729.949;212.85727;0.28402716;0.6122297;0.0;0.0
181;10;9;687.2186;152.8388;-0.17142367;0.66545033;0.0;0.0
182;10;0;707.1919;140.98767;-0.18940133;0.5514753;0.0;-0.0
182;10;1;739.05676;165.78348;1.2401471;0.6125033;-0.0;0.0
182;10;2;762.266;169.8602;0.7413522;0.57778126;0.0;0.0
182;10;3;707.5291;175.37796;0.8481294;0.37311155;-0.0;0.0
182;10;4;712.63837;164.48845;0.7985575;0.39882532;-0.0;0.0
182;10;5;679.78595;128.04582;0.17649506;0.6509471;0.0;0.0
182;10;6;701.39026;203.08972;0.6216526;0.23080288;0.0;-0.0
182;10;7;727.0098;189.53278;0.72256094;0.45393535;-0.0;0.0
182;10;8;730.2466;213.50269;0.29763094;0.6454235;0.0;0.0
182;10;9;687.0608;153.53096;-0.15782392;0.6921524;0.0;0.0
183;10;0;706.7619;141.56299;-0.43000644;0.57531816;-0.0;0.0
183;10;1;740.22375;166.41101;1.1669974;0.6275375;-0.0;0.0
183;10;2;763.0376;170.44809;0.77160037;0.58789515;0.0;0.0
183;10;3;708.3604;175.76807;0.83130896;0.39010394;-0.0;0.0
183;10;4;713.4663;164.90297;0.82796985;0.41451412;0.0;0.0
183;10;5;680.0116;128.73097;0.22565845;0.68515134;0.0;0.0
183;10;6;702.0283;203.31737;0.6380477;0.22765315;0.0;-0.0
183;10;7;727.7551;189.95375;0.74532235;0.4209711;0.0;-0.0
183;10;8;730.2674;214.26498;0.020802438;0.7623044;-0.0;0.0
183;10;9;686.91595;154.25046;-0.14481352;0.7194961;0.0;0.0
184;10;0;706.39703;142.13327;-0.3648721;0.5702754;0.0;-0.0
184;10;1;741.31866;167.05272;1.0949256;0.6417105;-0.0;0.0
184;10;2;763.8369;171.04678;0.79930246;0.59869605;0.0;0.0
184;10;3;709.1738;176.1752;0.8134057;0.40714127;-0.0;0.0
184;10;4;714.3185;165.33394;0.85219157;0.43096814;0.0;0.0
184;10;5;680.28564;129.45154;0.2740578;0.72056067;0.0;0.0
184;10;6;702.68085;203.54263;0.6525203;0.22527169;0.0;-0.0
184;10;7;728.5212;190.34438;0.7660479;0.39062187;0.0;-0.0
184;10;8;730.313;215.05547;0.04559735;0.79047674;0.0;0.0
184;10;9;686.7844;154.99577;-0.13152723;0.7453231;0.0;0.0
185;10;0;706.09534;142.69833;-0.30166972;0.5650692;0.0;-0.0
185;10;1;742.345;167.70752;1.026307;0.6547978;-0.0;0.0
185;10;2;764.36926;171.71407;0.5323595;0.6672892;-0.0;0.0
185;10;3;709.9684;176.59926;0.7945431;0.42405805;-0.0;0.0
185;10;4;715.18994;165.78166;0.8714874;0.44771913;0.0;0.0
185;10;5;680.6073;130.20866;0.3216265;0.7571281;0.0;0.0
185;10;6;703.34607;203.76613;0.6652136;0.22349104;0.0;-0.0
185;10;7;729.3063;190.70702;0.7850674;0.36263877;0.0;-0.0
185;10;8;730.3798;215.8752;0.06684017;0.8197371;0.0;0.0
185;10;9;686.66595;155.76663;-0.11848672;0.7708623;0.0;0.0
186;10;0;705.85443;143.25912;-0.24093276;0.56079847;0.0;-0.0
186;10;1;743.3035;168.3744;0.9585801;0.66688645;-0.0;0.0
186;10;2;764.9354;172.3863;0.5661366;0.6722415;0.0;0.0
186;10;3;710.4507;177.09792;0.48228934;0.49866408;-0.0;0.0
186;10;4;716.07733;166.24657;0.8873836;0.46489963;0.0;0.0
186;10;5;680.97546;131.00359;0.368193;0.79492474;0.0;0.0
186;10;6;703.7394;204.08827;0.39329377;0.32213742;-0.0;0.0
186;10;7;730.10864;191.10849;0.80239606;0.40147626;0.0;0.0
186;10;8;730.4634;216.72675;0.08357462;0.85155034;0.0;0.0
186;10;9;686.55945;156.56429;-0.10651737;0.797657;0.0;0.0
187;10;0;705.6898;143.83054;-0.16462326;0.57140744;0.0;0.0
187;10;1;744.1925;169.0528;0.88895285;0.6783846;-0.0;0.0
187;10;2;765.23627;173.12311;0.3008262;0.73680687;-0.0;0.0
187;10;3;710.6267;177.67036;0.17605335;0.572445;-0.0;0.0
187;10;4;716.67786;166.7764;0.600529;0.5298308;-0.0;0.0
187;10;5;681.38324;131.84224;0.4077513;0.83864707;0.0;0.0
187;10;6;704.1481;204.40935;0.4086935;0.32107303;0.0;-0.0
187;10;7;730.9243;191.5478;0.8156871;0.43932152;0.0;0.0
187;10;8;730.269;217.63182;-0.1943675;0.90508145;-0.0;0.0
187;10;9;686.4617;157.39246;-0.09778977;0.82816315;0.0;0.0
188;10;0;705.59607;144.41667;-0.09375075;0.5861392;0.0;0.0
188;10;1;745.0059;169.74161;0.81343645;0.6888071;-0.0;0.0
188;10;2;765.56683;173.86647;0.33055788;0.7433595;0.0;0.0
188;10;3;710.7959;178.25914;0.16917168;0.58877885;-0.0;0.0
188;10;4;717.30206;167.32825;0.624209;0.5518437;0.0;0.0
188;10;5;681.8284;132.72563;0.4451737;0.8833874;0.0;0.0
188;10;6;704.5703;204.72984;0.4222461;0.32050064;0.0;-0.0
188;10;7;731.7529;192.02321;0.82862693;0.4754079;0.0;0.0
188;10;8;730.09607;218.52351;-0.17290743;0.89169943;0.0;-0.0
188;10;9;686.373;158.24944;-0.088701524;0.85698587;0.0;0.0
189;10;0;705.5711;145.01741;-0.024946906;0.6007455;0.0;0.0
189;10;1;745.747;170.44005;0.74110913;0.6984455;-0.0;0.0
189;10;2;765.92676;174.61647;0.35994372;0.7500031;0.0;0.0
189;10;3;710.9697;178.88298;0.17381078;0.62383866;0.0;0.0
189;10;4;717.63165;167.93701;0.32960805;0.6087628;-0.0;0.0
189;10;5;682.30865;133.65457;0.48023075;0.92893493;0.0;0.0
189;10;6;705.00433;205.05014;0.43402693;0.3203018;0.0;-0.0
189;10;7;732.59406;192.53271;0.8411381;0.5095063;0.0;0.0
189;10;8;729.9434;219.40353;-0.15265119;0.8800242;0.0;-0.0
189;10;9;686.01013;159.14638;-0.36283582;0.8969426;-0.0;0.0
190;10;0;705.6104;145.63487;0.03931395;0.6174559;0.0;0.0
190;10;1;746.41473;171.14713;0.66770524;0.70707196;-0.0;0.0
190;10;2;766.31165;175.37494;0.3848936;0.7584701;0.0;0.0
190;10;3;711.14465;179.54236;0.17493346;0.659371;0.0;0.0
190;10;4;717.97955;168.56071;0.34788752;0.623703;0.0;0.0
190;10;5;682.82153;134.62953;0.51290876;0.97495407;0.0;0.0
190;10;6;705.44855;205.3705;0.44423175;0.32035393;0.0;0.0
190;10;7;733.1167;193.11905;0.52263314;0.5863335;-0.0;0.0
190;10;8;729.5166;220.3441;-0.42682502;0.9405619;-0.0;0.0
190;10;9;685.68005;160.10222;-0.33009315;0.955846;0.0;0.0
191;10;0;705.70844;146.27103;0.09804368;0.636153;0.0;0.0
191;10;1;747.00775;171.86174;0.59302044;0.71462053;-0.0;0.0
191;10;2;766.7165;176.14293;0.40486002;0.76799655;0.0;0.0
191;10;3;711.31665;180.23758;0.17199822;0.6952159;-0.0;0.0
191;10;4;718.34033;169.20024;0.36080325;0.6395265;0.0;0.0
191;10;5;683.361;135.65111;0.53947395;1.0215737;0.0;0.0
191;10;6;705.8996;205.69124;0.45103392;0.32074204;0.0;0.0
191;10;7;733.6202;193.71255;0.50347656;0.5934997;-0.0;0.0
191;10;8;729.11365;221.27223;-0.40297812;0.9281286;0.0;-0.0
191;10;9;685.3802;161.11385;-0.299893;1.0116228;0.0;0.0
192;10;0;705.87836;146.96632;0.16994466;0.6953014;0.0;0.0
192;10;1;747.52893;172.5832;0.52118725;0.7214688;-0.0;0.0
192;10;2;767.1409;176.92024;0.42441702;0.7773203;0.0;0.0
192;10;3;711.4854;180.96739;0.16875714;0.72981846;-0.0;0.0
192;10;4;718.7129;169.85544;0.37258866;0.65520275;0.0;0.0
192;10;5;683.9268;136.7187;0.56580716;1.0676001;0.0;0.0
192;10;6;706.35736;206.01234;0.4577389;0.32111266;0.0;0.0
192;10;7;734.1052;194.31325;0.4850186;0.6006982;-0.0;0.0
192;10;8;728.7342;222.18842;-0.37944615;0.91618776;0.0;-0.0
192;10;9;685.1079;162.17781;-0.2722975;1.0639708;0.0;0.0
193;10;0;706.1187;147.71986;0.2403638;0.7535451;0.0;0.0
193;10;1;747.9811;173.31065;0.45214185;0.727453;-0.0;0.0
193;10;2;767.5845;177.70667;0.44354394;0.7864167;0.0;0.0
193;10;3;711.65063;181.73055;0.16523986;0.7631459;-0.0;0.0
193;10;4;719.0962;170.52614;0.38330507;0.6707016;0.0;0.0
193;10;5;684.484;137.80292;0.5572121;1.0842184;-0.0;0.0
193;10;6;706.8002;206.3734;0.442804;0.36105093;-0.0;0.0
193;10;7;734.5721;194.92117;0.46688494;0.6079294;-0.0;0.0
193;10;8;728.3778;223.09335;-0.35640785;0.90493494;0.0;-0.0
193;10;9;684.9042;163.2988;-0.20373796;1.1209903;0.0;0.0
194;10;0;706.42755;148.53069;0.30886537;0.81082886;0.0;0.0
194;10;1;748.3667;174.0431;0.38564482;0.73245496;-0.0;0.0
194;10;2;768.0466;178.50194;0.46209046;0.79527926;0.0;0.0
194;10;3;711.812;182.52577;0.16136605;0.7952245;-0.0;0.0
194;10;4;719.4891;171.21216;0.39289132;0.6860136;0.0;0.0
194;10;5;685.0335;138.90314;0.5495114;1.1002151;-0.0;0.0
194;10;6;707.2288;206.77448;0.42867678;0.40107805;-0.0;0.0
194;10;7;735.02136;195.53635;0.4493044;0.6151701;-0.0;0.0
194;10;8;728.04407;223.98755;-0.33375695;0.89420074;0.0;-0.0
194;10;9;684.7637;164.47716;-0.14052865;1.1783528;0.0;0.0
195;10;0;706.50275;149.3893;0.07517469;0.8586048;-0.0;0.0
195;10;1;748.6864;174.77979;0.31970698;0.7366826;-0.0;0.0
195;10;2;768.5246;179.30597;0.47805324;0.8040248;0.0;0.0
195;10;3;711.9602;183.33359;0.1482179;0.8078131;-0.0;0.0
195;10;4;719.88855;171.91347;0.39947772;0.7013097;0.0;0.0
195;10;5;685.57336;140.01865;0.5398452;1.115505;-0.0;0.0
195;10;6;707.6427;207.21576;0.4138865;0.44127744;-0.0;0.0
195;10;7;735.4147;196.1842;0.39331874;0.6478599;-0.0;0.0
195;10;8;727.4421;224.95195;-0.60196304;0.96439576;-0.0;0.0
195;10;9;684.3852;165.64914;-0.37849945;1.1719846;-0.0;-0.0
196;10;0;706.65063;150.29922;0.14791659;0.90992606;0.0;0.0
196;10;1;748.93866;175.52016;0.252236;0.74037707;-0.0;0.0
196;10;2;769.014;180.11824;0.48937234;0.8122676;0.0;0.0
196;10;3;712.0917;184.15271;0.13146938;0.81912035;-0.0;0.0
196;10;4;720.2895;172.62982;0.4009648;0.71635306;0.0;0.0
196;10;5;686.09875;141.14806;0.5253897;1.1294119;-0.0;0.0
196;10;6;708.0395;207.69736;0.39679623;0.4816026;-0.0;0.0
196;10;7;735.7505;196.86467;0.33583158;0.68046904;-0.0;0.0
196;10;8;726.57745;225.98601;-0.8646205;1.0340506;-0.0;0.0
196;10;9;684.0711;166.8788;-0.31411538;1.2296535;0.0;0.0
197;10;0;706.86646;151.26048;0.21583611;0.9612557;0.0;0.0
197;10;1;748.82764;176.31197;-0.11101937;0.79180616;-0.0;0.0
197;10;2;769.2145;180.98714;0.2005212;0.86889756;-0.0;0.0
197;10;3;712.20087;184.98154;0.10919541;0.82883435;-0.0;0.0
197;10;4;720.38684;173.3911;0.0973514;0.7612766;-0.0;0.0
197;10;5;686.60175;142.28748;0.50298595;1.1394237;-0.0;0.0
197;10;6;708.4142;208.2187;0.37468505;0.52135324;-0.0;0.0
197;10;7;736.0243;197.57747;0.27381682;0.7128066;-0.0;0.0
197;10;8;725.7421;227.009;-0.83533037;1.0229933;0.0;-0.0
197;10;9;683.8098;168.17087;-0.26127324;1.2920609;0.0;0.0
198;10;0;707.1401;152.27226;0.27361646;1.0117851;0.0;0.0
198;10;1;748.67975;177.08318;-0.1478743;0.7712077;-0.0;-0.0
198;10;2;769.4276;181.86282;0.21313804;0.8756811;0.0;0.0
198;10;3;712.2865;185.81935;0.08565791;0.837817;-0.0;0.0
198;10;4;720.5136;174.18294;0.12677716;0.7918384;0.0;0.0
198;10;5;687.0833;143.43663;0.48156187;1.1491511;-0.0;0.0
198;10;6;708.76776;208.78017;0.35355493;0.561465;-0.0;0.0
198;10;7;735.9456;198.38788;-0.078644395;0.81040275;-0.0;0.0
198;10;8;724.9791;228.0312;-0.7629922;1.0222021;0.0;-0.0
198;10;9;683.5922;169.52606;-0.21757922;1.3552006;0.0;0.0
199;10;0;707.4665;153.33266;0.32641163;1.0603886;0.0;0.0
199;10;1;748.20056;177.89056;-0.47916588;0.8073872;-0.0;0.0
199;10;2;769.3535;182.7935;-0.07409346;0.9306835;-0.0;0.0
199;10;3;712.34436;186.6648;0.057848334;0.8454474;-0.0;0.0
199;10;4;720.6621;175.00426;0.14852025;0.8213242;0.0;0.0
199;10;5;687.53986;144.59242;0.45655656;1.1557851;-0.0;0.0
199;10;6;709.0974;209.38107;0.3296525;0.60091186;-0.0;0.0
199;10;7;735.81964;199.23372;-0.1260067;0.8458461;-0.0;0.0
199;10;8;724.28503;229.05698;-0.6940777;1.0257667;0.0;0.0
199;10;9;683.4123;170.90073;-0.17994647;1.3746712;0.0;0.0
200;10;0;707.8388;154.43849;0.3723318;1.1058389;0.0;0.0
200;10;1;747.6971;178.67223;-0.50348467;0.7816692;-0.0;-0.0
200;10;2;769.29694;183.72939;-0.05658706;0.9358815;0.0;0.0
200;10;3;712.37585;187.51677;0.031472377;0.85197645;-0.0;0.0
200;10;4;720.83026;175.8545;0.1681746;0.85024965;0.0;0.0
200;10;5;687.6785;145.69487;0.13867846;1.1024464;-0.0;-0.0
200;10;6;709.3769;209.98386;0.27950954;0.6027776;-0.0;0.0
200;10;7;735.64764;200.1156;-0.17200784;0.88188654;-0.0;0.0
200;10;8;723.65686;230.08972;-0.628195;1.0327424;0.0;0.0
200;10;9;683.26495;172.29533;-0.14732885;1.3946118;0.0;0.0
201;10;0;708.25226;155.58679;0.41342443;1.1483033;0.0;0.0
201;10;1;747.1689;179.4291;-0.52818996;0.756863;-0.0;-0.0
201;10;2;769.2553;184.67046;-0.041595973;0.94106394;0.0;0.0
201;10;3;712.0815;188.39911;-0.29435533;0.88233286;-0.0;0.0
201;10;4;721.0128;176.73265;0.18256317;0.8781485;0.0;0.0
201;10;5;687.8024;146.80382;0.12388253;1.1089498;-0.0;0.0
201;10;6;709.6067;210.58922;0.22979574;0.60536367;-0.0;0.0
201;10;7;735.431;201.0342;-0.21659511;0.9185965;-0.0;0.0
201;10;8;723.091;231.13275;-0.56583685;1.0430251;0.0;0.0
201;10;9;683.1448;173.70956;-0.12019658;1.4142293;0.0;0.0
202;10;0;708.6774;156.74467;0.42515633;1.1578871;0.0;0.0
202;10;1;746.32623;180.24184;-0.84263563;0.8127447;-0.0;0.0
202;10;2;769.22424;185.616;-0.031049358;0.945542;0.0;0.0
202;10;3;711.7698;189.28264;-0.3116826;0.8835242;-0.0;0.0
202;10;4;721.2063;177.63782;0.19346906;0.90516794;0.0;0.0
202;10;5;687.9102;147.91837;0.10778403;1.1145432;-0.0;0.0
202;10;6;709.7872;211.19827;0.18048467;0.60905004;-0.0;0.0
202;10;7;735.1718;201.99072;-0.25922328;0.956521;-0.0;0.0
202;10;8;722.58344;232.18916;-0.5075439;1.0564042;0.0;0.0
202;10;9;683.0461;175.14215;-0.0987096;1.4325897;0.0;0.0
203;10;0;708.81366;157.8648;0.13621566;1.1201398;-0.0;-0.0
203;10;1;745.4701;181.02519;-0.8561258;0.78335524;-0.0;-0.0
203;10;2;769.20135;186.56535;-0.022870041;0.94935405;0.0;0.0
203;10;3;711.4408;190.16394;-0.32894945;0.88130116;-0.0;-0.0
203;10;4;721.39355;178.55667;0.18723094;0.9188575;-0.0;0.0
203;10;5;688.00055;149.03737;0.09031317;1.1189997;-0.0;0.0
203;10;6;709.62933;211.8919;-0.15783064;0.693641;-0.0;0.0
203;10;7;734.87006;202.98634;-0.30174452;0.9956269;-0.0;0.0
203;10;8;722.12787;233.26167;-0.45553732;1.0725168;0.0;0.0
203;10;9;682.9605;176.5895;-0.085573114;1.4473431;0.0;0.0
204;10;0;708.9719;158.99438;0.15823805;1.1295797;0.0;0.0
204;10;1;744.6241;181.78809;-0.8460279;0.76289064;0.0;-0.0
204;10;2;769.1414;187.53021;-0.059934348;0.9648638;-0.0;0.0
204;10;3;710.79596;191.06866;-0.6448268;0.90472627;-0.0;0.0
204;10;4;721.2722;179.49728;-0.12135264;0.9406151;-0.0;0.0
204;10;5;688.06934;150.15779;0.06879179;1.1204182;-0.0;0.0
204;10;6;709.4297;212.59435;-0.19965911;0.7024322;-0.0;0.0
204;10;7;734.5259;204.02202;-0.34415582;1.0356795;-0.0;0.0
204;10;8;721.7172;234.35179;-0.41064042;1.090122;0.0;0.0
204;10;9;682.88196;178.04686;-0.078524455;1.4573629;0.0;0.0
205;10;0;709.1468;160.1308;0.17489442;1.1364119;0.0;0.0
205;10;1;743.79803;182.54582;-0.82603896;0.7577346;0.0;-0.0
205;10;2;769.04205;188.5092;-0.09937875;0.9789916;-0.0;0.0
205;10;3;710.1454;191.96284;-0.650576;0.89417946;-0.0;-0.0
205;10;4;721.15857;180.45966;-0.11365131;0.9623723;0.0;0.0
205;10;5;688.1171;151.2797;0.04781712;1.1218989;-0.0;0.0
205;10;6;709.1902;213.30873;-0.23952188;0.71439004;-0.0;0.0
205;10;7;734.1437;205.09918;-0.38222387;1.077165;-0.0;0.0
205;10;8;721.34875;235.46005;-0.36847025;1.1082613;0.0;0.0
205;10;9;682.80975;179.51335;-0.07220307;1.4664882;0.0;0.0
206;10;0;709.336;161.27374;0.18917955;1.1429412;0.0;0.0
206;10;1;742.991;183.2995;-0.8069848;0.7536812;0.0;-0.0
206;10;2;768.90424;189.50233;-0.13779902;0.9931308;-0.0;0.0
206;10;3;709.4909;192.84473;-0.65445054;0.8818804;-0.0;-0.0
206;10;4;721.0524;181.44446;-0.10611706;0.9848048;0.0;0.0
206;10;5;688.14453;152.40315;0.02739624;1.12346;-0.0;0.0
206;10;6;708.9631;214.06898;-0.22712098;0.7602542;0.0;0.0
206;10;7;733.7282;206.2191;-0.41548038;1.1199176;-0.0;0.0
206;10;8;721.02026;236.58682;-0.32849297;1.1267734;0.0;0.0
206;10;9;682.7436;180.9885;-0.06617254;1.4751486;0.0;0.0
207;10;0;709.53735;162.42319;0.20134102;1.1494445;0.0;0.0
207;10;1;742.20245;184.05016;-0.7885629;0.75066334;0.0;-0.0
207;10;2;768.72943;190.50974;-0.17480654;1.0073935;-0.0;0.0
207;10;3;708.83453;193.71303;-0.65638524;0.8682969;-0.0;-0.0
207;10;4;720.9543;182.45288;-0.09815385;1.0084193;0.0;0.0
207;10;5;688.15234;153.52847;0.007832309;1.1253226;-0.0;0.0
207;10;6;708.749;214.87471;-0.21407843;0.8057235;0.0;0.0
207;10;7;733.2843;207.38278;-0.443907;1.1636848;-0.0;0.0
207;10;8;720.7297;237.73235;-0.29058456;1.1455166;0.0;0.0
207;10;9;682.6832;182.4719;-0.06038843;1.4833969;0.0;0.0
208;10;0;709.7488;163.57916;0.2114094;1.1559799;0.0;0.0
208;10;1;741.43176;184.79886;-0.7706905;0.7486997;0.0;-0.0
208;10;2;768.5191;191.53148;-0.21032974;1.02174;-0.0;0.0
208;10;3;707.88104;194.6104;-0.95347136;0.8973652;-0.0;0.0
208;10;4;720.5642;183.48589;-0.39005992;1.0329989;-0.0;0.0
208;10;5;688.13885;154.65407;-0.0135055855;1.1255876;-0.0;0.0
208;10;6;708.5469;215.72441;-0.20212692;0.84970313;0.0;0.0
208;10;7;732.81226;208.59076;-0.47202963;1.2079701;-0.0;0.0
208;10;8;720.43036;238.87604;-0.29931083;1.1436996;-0.0;-0.0
208;10;9;682.62537;183.95952;-0.057878412;1.4876258;0.0;0.0
209;10;0;709.96606;164.73965;0.2172717;1.1604965;0.0;0.0
209;10;1;740.6826;185.56277;-0.7491337;0.763921;0.0;0.0
209;10;2;768.2711;192.56636;-0.24797027;1.0348842;-0.0;0.0
209;10;3;706.9395;195.48718;-0.94151145;0.8767883;0.0;-0.0
209;10;4;720.203;184.55789;-0.36118877;1.0720106;0.0;0.0
209;10;5;688.1048;155.78029;-0.034087434;1.1262165;-0.0;0.0
209;10;6;708.3584;216.61707;-0.18849695;0.8926598;0.0;0.0
209;10;7;732.31683;209.84378;-0.49543187;1.2530228;-0.0;0.0
209;10;8;719.8245;240.04858;-0.60580504;1.1725417;-0.0;0.0
209;10;9;682.28503;185.3526;-0.34031847;1.3930812;-0.0;-0.0
210;10;0;710.1856;165.903;0.21954441;1.1633487;0.0;0.0
210;10;1;739.9519;186.34225;-0.7307032;0.7794835;0.0;0.0
210;10;2;767.9837;193.6131;-0.28741726;1.0467429;-0.0;0.0
210;10;3;706.0082;196.3447;-0.9313353;0.85752;0.0;-0.0
210;10;4;719.86694;185.67377;-0.3360492;1.1158775;0.0;0.0
210;10;5;688.0484;156.90547;-0.056402322;1.1251847;-0.0;-0.0
210;10;6;708.1359;217.54147;-0.22249766;0.9244007;-0.0;0.0
210;10;7;731.79694;211.14159;-0.51988393;1.2977986;-0.0;0.0
210;10;8;719.22253;241.22148;-0.602005;1.1728969;0.0;0.0
210;10;9;681.95514;186.75894;-0.32989603;1.4063467;0.0;0.0
211;10;0;710.40546;167.06943;0.2198512;1.1664321;0.0;0.0
211;10;1;739.23883;187.13705;-0.71306235;0.79479414;0.0;0.0
211;10;2;767.65814;194.67183;-0.3255882;1.0587366;-0.0;0.0
211;10;3;705.0872;197.18343;-0.92095304;0.8387358;0.0;-0.0
211;10;4;719.5546;186.8406;-0.3123157;1.166838;0.0;0.0
211;10;5;687.9703;158.02998;-0.07811257;1.1245154;-0.0;-0.0
211;10;6;707.8805;218.49825;-0.2554625;0.9567692;-0.0;0.0
211;10;7;731.2622;212.43994;-0.53470284;1.298352;-0.0;0.0
211;10;8;718.62415;242.39473;-0.5983803;1.1732526;0.0;0.0
212;10;0;710.6238;168.23917;0.21834768;1.1697457;-0.0;0.0
212;10;1;738.5426;187.94682;-0.6962454;0.8097638;0.0;0.0
212;10;2;766.9989;195.78673;-0.6592132;1.1148921;-0.0;0.0
212;10;3;704.17566;198.00429;-0.91155547;0.8208637;0.0;-0.0
212;10;4;719.2606;188.06485;-0.2940059;1.2242393;0.0;0.0
212;10;5;687.86993;159.15323;-0.10031158;1.1232494;-0.0;-0.0
212;10;6;707.59155;219.48717;-0.28895214;0.9889258;-0.0;0.0
212;10;7;730.4485;213.68152;-0.81369364;1.2415717;-0.0;-0.0
213;10;0;710.83716;169.40991;0.21338053;1.1707512;-0.0;0.0
213;10;1;737.8582;188.77116;-0.6843634;0.8243335;0.0;0.0
213;10;2;766.3122;196.91246;-0.6867105;1.1257305;-0.0;0.0
213;10;3;703.26373;198.81535;-0.911898;0.81106144;-0.0;-0.0
213;10;4;718.9754;189.35016;-0.28519782;1.2853143;0.0;0.0
213;10;5;687.77576;160.3071;-0.09419277;1.1538754;0.0;0.0
213;10;6;707.26685;220.50693;-0.32468408;1.0197545;-0.0;0.0
213;10;7;729.67035;214.89856;-0.77811277;1.2170354;0.0;-0.0
214;10;0;711.0441;170.5821;0.20695777;1.1722014;-0.0;0.0
214;10;1;737.18506;189.6094;-0.6731585;0.8382347;0.0;0.0
214;10;2;765.5996;198.04884;-0.71256566;1.1363778;-0.0;0.0
214;10;3;702.3551;199.61365;-0.9086246;0.7982931;0.0;-0.0
214;10;4;718.3961;190.6486;-0.57926995;1.29844;-0.0;0.0
214;10;5;687.6864;161.48962;-0.08937383;1.182528;0.0;0.0
214;10;6;706.607;221.58641;-0.6598493;1.079481;-0.0;0.0
214;10;7;728.92126;216.09122;-0.74906206;1.1926636;0.0;-0.0
215;10;0;711.2152;171.75397;0.1710873;1.1718652;-0.0;-0.0
215;10;1;736.5194;190.46048;-0.66562855;0.85108185;0.0;0.0
215;10;2;764.8584;199.19507;-0.7412316;1.1462313;-0.0;0.0
215;10;3;701.44946;200.39825;-0.9056597;0.78461015;0.0;-0.0
215;10;4;717.83435;192.02243;-0.5617438;1.3738308;0.0;0.0
215;10;5;687.60077;162.6989;-0.08566129;1.2092714;0.0;0.0
215;10;6;705.63293;222.7303;-0.974041;1.1438928;-0.0;0.0
215;10;7;728.19775;217.25916;-0.72348833;1.1679428;0.0;-0.0
216;10;0;711.35114;172.92491;0.13593763;1.1709479;-0.0;-0.0
216;10;1;735.8593;191.32333;-0.6601045;0.8628517;0.0;0.0
216;10;2;763.79083;200.39029;-1.0675489;1.1952169;-0.0;0.0
216;10;3;700.5481;201.16736;-0.90137815;0.7690981;0.0;-0.0
216;10;4;717.2793;193.46716;-0.55504483;1.4447385;0.0;0.0
216;10;5;687.5174;163.93225;-0.083392695;1.233348;0.0;0.0
216;10;6;704.6753;223.9228;-0.9576713;1.1925106;0.0;0.0
216;10;7;727.497;218.40182;-0.700731;1.1426717;0.0;-0.0
217;10;0;711.45264;174.09448;0.101494044;1.1695688;-0.0;-0.0
217;10;1;735.2029;192.19678;-0.65644604;0.87344307;0.0;0.0
217;10;2;762.71356;201.59068;-1.0772712;1.2003939;-0.0;0.0
217;10;3;699.6552;201.91919;-0.8928837;0.751824;0.0;-0.0
217;10;4;716.7243;194.97913;-0.5550023;1.5119592;0.0;0.0
217;10;5;687.4361;165.18901;-0.081320494;1.2567611;0.0;0.0
217;10;7;726.8184;219.51921;-0.6786124;1.1173838;0.0;-0.0
218;10;0;711.2233;175.22386;-0.22931692;1.1293815;-0.0;-0.0
218;10;1;734.5481;193.07948;-0.65475667;0.88270503;0.0;0.0
218;10;2;761.6258;202.79639;-1.0877721;1.2057092;-0.0;0.0
218;10;3;698.774;202.65239;-0.881218;0.7331973;0.0;-0.0
218;10;4;716.16187;196.54848;-0.5624591;1.5693496;-0.0;0.0
218;10;5;687.35614;166.46751;-0.07994278;1.2785069;0.0;0.0
218;10;7;726.12146;220.63483;-0.696976;1.1156172;-0.0;-0.0
219;10;0;710.97815;176.3541;-0.2451714;1.1302389;-0.0;0.0
219;10;1;733.89435;193.97052;-0.65375215;0.8910409;0.0;0.0
219;10;2;760.5283;204.00708;-1.0974777;1.210698;-0.0;0.0
219;10;3;697.9088;203.36612;-0.8652033;0.71372896;0.0;-0.0
219;10;4;715.58685;198.16534;-0.575021;1.6168711;-0.0;0.0
219;10;5;687.27734;167.76706;-0.078774676;1.299551;0.0;0.0
219;10;7;725.4481;221.76741;-0.67334044;1.1325854;0.0;0.0
220;10;0;710.7179;177.48572;-0.26027438;1.1316211;-0.0;0.0
220;10;1;733.2411;194.86906;-0.6532525;0.8985388;0.0;0.0
220;10;2;759.4221;205.22238;-1.1062284;1.2153031;-0.0;0.0
220;10;3;696.78406;204.1682;-1.1247778;0.80207485;-0.0;0.0
220;10;4;714.9952;199.81851;-0.59165233;1.6531613;-0.0;0.0
220;10;5;686.91016;169.00677;-0.36721623;1.2397084;-0.0;-0.0
220;10;7;724.7941;222.9146;-0.6539797;1.1471813;0.0;0.0
221;10;0;710.4418;178.61746;-0.276111;1.1317419;-0.0;0.0
221;10;1;732.2918;195.83519;-0.9492878;0.96612364;-0.0;0.0
221;10;2;758.30347;206.44316;-1.118648;1.2207745;-0.0;0.0
221;10;3;695.72144;205.02968;-1.0625939;0.8614747;0.0;0.0
221;10;4;714.38464;201.49634;-0.6105547;1.6778326;-0.0;0.0
221;10;5;686.2576;170.18828;-0.65252197;1.1815054;-0.0;-0.0
221;10;7;724.156;224.07362;-0.63812035;1.1590327;0.0;0.0
222;10;0;710.14923;179.74825;-0.29255638;1.1307857;-0.0;-0.0
222;10;1;731.3483;196.80759;-0.943456;0.97239715;0.0;0.0
222;10;2;757.17194;207.66936;-1.131526;1.2262021;-0.0;0.0
222;10;3;694.7201;205.94865;-1.0013236;0.9189781;0.0;0.0
222;10;4;713.6731;203.1534;-0.7115746;1.6570543;-0.0;-0.0
222;10;5;685.6141;171.40044;-0.6435304;1.2121568;0.0;0.0
222;10;7;723.5329;225.24327;-0.6231295;1.16965;0.0;0.0
223;10;0;709.8407;180.87848;-0.30853057;1.1302396;-0.0;-0.0
223;10;1;730.40967;197.78572;-0.9386411;0.97813153;0.0;0.0
223;10;2;756.0285;208.9007;-1.143448;1.2313339;-0.0;0.0
223;10;3;693.7795;206.9226;-0.94060487;0.97395384;0.0;0.0
223;10;4;712.85974;204.79153;-0.8133465;1.6381454;-0.0;-0.0
223;10;5;684.9785;172.6418;-0.6355771;1.2413688;0.0;0.0
223;10;7;722.924;226.42216;-0.6088854;1.1788926;0.0;0.0
224;10;0;709.51685;182.00871;-0.32385555;1.1302361;-0.0;-0.0
224;10;1;729.47516;198.76921;-0.9345255;0.9834867;0.0;0.0
224;10;2;754.8743;210.13681;-1.1542006;1.2361141;-0.0;0.0
224;10;4;711.9444;206.41423;-0.9153205;1.6226943;-0.0;-0.0
224;10;5;684.3501;173.91113;-0.6283917;1.2693281;0.0;0.0
224;10;7;722.3289;227.60901;-0.59506345;1.1868392;0.0;0.0
225;10;0;709.1784;183.13947;-0.33846447;1.1307527;-0.0;0.0
225;10;1;728.5441;199.7578;-0.93104565;0.98858684;0.0;0.0
225;10;2;753.71045;211.37737;-1.1639098;1.2405537;-0.0;0.0
225;10;4;710.9285;208.02866;-1.0158787;1.6144273;-0.0;-0.0
225;10;5;683.72815;175.20715;-0.6219306;1.296022;0.0;0.0
225;10;7;721.7473;228.80238;-0.5815845;1.1933753;0.0;0.0
226;10;0;708.8261;184.27124;-0.35229504;1.1317819;-0.0;0.0
226;10;1;727.32086;200.80495;-1.2232932;1.0471478;-0.0;0.0
226;10;2;752.5363;212.6224;-1.174126;1.2450373;-0.0;0.0
226;10;4;709.81683;209.64209;-1.111721;1.6134313;-0.0;-0.0
226;10;5;683.1111;176.52742;-0.61706;1.3202616;0.0;0.0
226;10;7;721.178;229.99979;-0.5693248;1.1974037;0.0;0.0
227;10;0;708.4374;185.40775;-0.38872433;1.136498;-0.0;0.0
227;10;1;725.823;201.9175;-1.4978641;1.1125461;-0.0;0.0
227;10;2;751.35144;213.87196;-1.1848633;1.2495505;-0.0;0.0
227;10;4;708.6401;211.25925;-1.1767865;1.6171498;-0.0;0.0
227;10;5;682.4976;177.86961;-0.6134482;1.3421949;0.0;0.0
227;10;7;720.61993;231.19882;-0.55803454;1.1990404;0.0;0.0
228;10;0;708.01373;186.54816;-0.4236452;1.1404082;-0.0;0.0
228;10;1;724.3576;203.03333;-1.4653744;1.1158301;0.0;0.0
228;10;2;750.15704;215.12567;-1.1944052;1.253712;-0.0;0.0
228;10;4;707.5012;212.90079;-1.1388634;1.6415406;0.0;0.0
228;10;5;681.8877;179.23322;-0.60993224;1.3635958;0.0;0.0
228;10;7;720.07336;232.39867;-0.54654926;1.1998414;0.0;0.0
229;10;0;707.5575;187.69289;-0.45621455;1.1447232;-0.0;0.0
229;10;1;722.9233;204.1574;-1.4343449;1.1240675;0.0;0.0
229;10;2;748.9548;216.38303;-1.2022415;1.2573482;-0.0;0.0
229;10;4;706.35376;214.49759;-1.1474619;1.5968064;-0.0;-0.0
229;10;5;681.28094;180.61725;-0.60675204;1.3840369;0.0;0.0
229;10;7;719.5382;233.59819;-0.53517544;1.1995233;0.0;-0.0
230;10;0;707.0709;188.84207;-0.48659524;1.1491883;-0.0;0.0
230;10;1;721.5191;205.2937;-1.404146;1.1363086;0.0;0.0
230;10;2;747.7457;217.64365;-1.2090616;1.260617;-0.0;0.0
230;10;4;704.9679;215.85574;-1.3858867;1.3581488;-0.0;-0.0
230;10;5;680.6762;182.01901;-0.60473764;1.401763;0.0;0.0
230;10;7;719.01324;234.79489;-0.52494544;1.1967078;0.0;-0.0
231;10;0;706.5551;189.99464;-0.51579744;1.15258;-0.0;0.0
231;10;1;719.8646;206.41745;-1.6544495;1.1237423;-0.0;0.0
231;10;2;746.5271;218.90823;-1.2186046;1.2645944;-0.0;0.0
231;10;4;703.3864;217.01715;-1.5814536;1.1614131;-0.0;-0.0
231;10;7;718.4969;235.98546;-0.51633227;1.1905634;0.0;-0.0
232;10;0;706.0108;191.14853;-0.54430735;1.153878;-0.0;0.0
232;10;1;718.2926;207.57585;-1.5720277;1.1584047;0.0;0.0
232;10;2;745.29834;220.17686;-1.2287759;1.2686254;-0.0;0.0
232;10;4;701.8429;218.17505;-1.5435236;1.1579039;0.0;-0.0
232;10;7;717.98914;237.16933;-0.50775856;1.1838647;0.0;-0.0
233;10;0;705.44025;192.30403;-0.5705289;1.1555086;-0.0;0.0
233;10;1;716.78253;208.77548;-1.5100673;1.1996343;0.0;0.0
233;10;2;744.06085;221.44913;-1.2374952;1.2722589;-0.0;0.0
233;10;7;717.4452;238.34044;-0.5439498;1.1711187;-0.0;-0.0
234;10;0;704.8456;193.4613;-0.5946522;1.1572766;-0.0;0.0
234;10;1;715.3187;210.01184;-1.4638082;1.2363521;0.0;0.0
234;10;2;742.8155;222.72475;-1.2453636;1.2756139;-0.0;0.0
234;10;7;716.86597;239.50015;-0.5791943;1.1597173;-0.0;-0.0
235;10;0;704.22906;194.62077;-0.616525;1.1594653;-0.0;0.0
235;10;1;713.65204;211.11734;-1.6666905;1.1055055;-0.0;-0.0
235;10;2;741.56134;224.00389;-1.2541622;1.2791382;-0.0;0.0
236;10;0;703.592;195.78148;-0.63711023;1.1607019;-0.0;0.0
236;10;1;712.06915;212.25983;-1.5829083;1.1424805;0.0;0.0
236;10;2;740.3;225.28609;-1.2613395;1.2821913;-0.0;0.0
237;10;0;702.93646;196.94385;-0.6554973;1.1623714;-0.0;0.0
237;10;1;710.5652;213.44267;-1.503942;1.1828463;0.0;0.0
237;10;2;739.0326;226.57095;-1.2673923;1.284866;-0.0;0.0
238;10;0;702.26465;198.10835;-0.6717841;1.1645125;-0.0;0.0
238;10;1;709.1347;214.66869;-1.4304762;1.226017;0.0;0.0
238;10;2;737.4843;227.83699;-1.5482736;1.2660369;-0.0;0.0
239;10;0;701.5776;199.27435;-0.6870849;1.1659962;-0.0;0.0
239;10;1;707.77045;215.94049;-1.3642853;1.2717996;0.0;0.0
239;10;2;735.94794;229.09515;-1.5363792;1.2581571;0.0;-0.0
240;10;0;700.87695;200.4423;-0.7006351;1.1679605;-0.0;0.0
240;10;1;706.4641;217.2593;-1.3063455;1.3187999;0.0;0.0
240;10;2;734.42267;230.34605;-1.5252678;1.2509029;0.0;-0.0
241;10;0;700.16437;201.61269;-0.71259385;1.1703744;-0.0;0.0
241;10;1;705.2058;218.62454;-1.2583265;1.3652546;0.0;0.0
241;10;2;732.9078;231.59029;-1.5149044;1.2442281;0.0;-0.0
242;10;0;699.44104;202.78568;-0.72331154;1.1729853;-0.0;0.0
242;10;1;703.9841;220.0331;-1.221726;1.408551;0.0;0.0
242;10;2;731.40247;232.82843;-1.5053095;1.2381434;0.0;-0.0
243;10;0;698.41077;203.92165;-1.0302856;1.1359656;-0.0;-0.0
243;10;1;702.78326;221.47859;-1.2008113;1.4454894;0.0;0.0
243;10;2;729.90564;234.06137;-1.4968324;1.2329473;0.0;-0.0
244;10;0;697.0972;205.02473;-1.3135623;1.1030946;-0.0;-0.0
244;10;2;728.41614;235.29001;-1.4895321;1.228641;0.0;-0.0
245;10;0;695.8389;206.14294;-1.2583127;1.1182169;0.0;0.0
245;10;2;726.9682;236.48659;-1.4479088;1.1965747;0.0;-0.0
246;10;0;694.63184;207.27715;-1.2070849;1.1342055;0.0;0.0
246;10;2;725.44415;237.7817;-1.5240433;1.295103;-0.0;0.0
247;10;2;723.966;239.04071;-1.4781237;1.259014;0.0;-0.0
248;10;2;722.52936;240.26686;-1.4366212;1.2261539;0.0;-0.0
249;10;2;721.1298;241.4627;-1.3995484;1.1958523;0.0;-0.0
250;10;2;719.7632;242.63014;-1.3666278;1.1674417;0.0;-0.0
